[gd_scene load_steps=6 format=3 uid="uid://dyrr52wyomdpw"]

[ext_resource type="PackedScene" uid="uid://ckvxm4xeq71ip" path="res://entities/models/Gun.glb" id="1_avhq4"]
[ext_resource type="Script" path="res://systems/player/Player.gd" id="2_i4no1"]
[ext_resource type="PackedScene" uid="uid://b4wbl4gmtrfaa" path="res://systems/interaction/PlayerInteractor.tscn" id="3_ovaap"]

[sub_resource type="BoxShape3D" id="BoxShape3D_x7hpy"]
size = Vector3(1.16063, 1.76062, 0.737793)

[sub_resource type="BoxShape3D" id="BoxShape3D_04q40"]
size = Vector3(1, 1, 2.10706)

[node name="Gun" instance=ExtResource("1_avhq4")]
disable_mode = 1
script = ExtResource("2_i4no1")

[node name="Inaly" parent="." index="0"]
transform = Transform3D(-0.0024086, 0, -0.999997, 0, 1, 0, 0.999997, 0, -0.0024086, 0, 0.840032, 0.232556)

[node name="Top Frame" parent="." index="1"]
transform = Transform3D(-0.0024086, 0, -0.999997, 0, 1, 0, 0.999997, 0, -0.0024086, 0, 1.34315, -0.0771974)

[node name="Side Frame" parent="." index="2"]
transform = Transform3D(-0.0024086, 0, -0.999997, 0, 1, 0, 0.999997, 0, -0.0024086, 0, 1.63402, 0.170908)

[node name="Side Frame 2" parent="." index="3"]
transform = Transform3D(-0.0024086, 0, -0.999997, 0, 1, 0, 0.999997, 0, -0.0024086, 0, 1.63164, -0.192996)

[node name="Iron Sight" parent="." index="4"]
transform = Transform3D(-0.0024086, 0, -0.999997, 0, 1, 0, 0.999997, 0, -0.0024086, 0, 2.09679, -0.788651)

[node name="Receiver" parent="." index="5"]
transform = Transform3D(-0.0024086, 0, -0.999997, 0, 1, 0, 0.999997, 0, -0.0024086, 0, 1.69279, -0.0360969)

[node name="Trigger" parent="." index="6"]
transform = Transform3D(-0.0024086, 0, -0.999997, 0, 1, 0, 0.999997, 0, -0.0024086, 0, 1.1227, -0.301719)

[node name="Bolt" parent="." index="7"]
transform = Transform3D(-0.0024086, 0, -0.999997, 0, 1, 0, 0.999997, 0, -0.0024086, 0, 1.79338, 0.112497)

[node name="Fastener" parent="." index="8"]
transform = Transform3D(-0.0024086, 0, -0.999997, 0, 1, 0, 0.999997, 0, -0.0024086, 0, 1.7884, 0.767305)

[node name="Pin" parent="." index="9"]
transform = Transform3D(-0.0024086, 0, -0.999997, 0, 1, 0, 0.999997, 0, -0.0024086, 0, 1.88561, 0.92319)

[node name="Screw 3" parent="." index="10"]
transform = Transform3D(-0.0024086, 0, -0.999997, 0, 1, 0, 0.999997, 0, -0.0024086, 0, 1.55615, -0.156781)

[node name="Pin 2" parent="." index="11"]
transform = Transform3D(-0.0024086, 0, -0.999997, 0, 1, 0, 0.999997, 0, -0.0024086, 0, 1.33954, -0.707047)

[node name="Support" parent="." index="12"]
transform = Transform3D(-0.0024086, 0, -0.999997, 0, 1, 0, 0.999997, 0, -0.0024086, 0, 1.40942, -0.632745)

[node name="Handle " parent="." index="13"]
transform = Transform3D(-0.0024086, 0, -0.999997, 0, 1, 0, 0.999997, 0, -0.0024086, 0, 0.830419, 0.223868)

[node name="Screw Inlay 1" parent="." index="14"]
transform = Transform3D(-0.0024086, 0, -0.999997, 0, 1, 0, 0.999997, 0, -0.0024086, 0, 1.25867, 0.161272)

[node name="Screw Inlay 2" parent="." index="15"]
transform = Transform3D(-0.0024086, 0, -0.999997, 0, 1, 0, 0.999997, 0, -0.0024086, 0, 0.485757, 0.299698)

[node name="Barrel" parent="." index="16"]
transform = Transform3D(-0.0024086, 0, -0.999997, 0, 1, 0, 0.999997, 0, -0.0024086, 0, 1.77973, -0.948324)

[node name="Magazine Holder" parent="." index="17"]
transform = Transform3D(-0.0024086, 0, -0.999997, 0, 1, 0, 0.999997, 0, -0.0024086, 0, 0.302459, 0.304235)

[node name="Magazine Pin 1" parent="." index="18"]
transform = Transform3D(-0.0024086, 0, -0.999997, 0, 1, 0, 0.999997, 0, -0.0024086, 0, 0.308839, 0.477573)

[node name="Magazine Pin 2" parent="." index="19"]
transform = Transform3D(-0.0024086, 0, -0.999997, 0, 1, 0, 0.999997, 0, -0.0024086, 0, 0.253882, 0.161818)

[node name="Screw Inlay 4" parent="." index="20"]
transform = Transform3D(-0.0024086, 0, -0.999997, 0, 1, 0, 0.999997, 0, -0.0024086, 0, 1.26436, 0.149922)

[node name="Screw Inlay 3" parent="." index="21"]
transform = Transform3D(-0.0024086, 0, -0.999997, 0, 1, 0, 0.999997, 0, -0.0024086, 0, 0.484069, 0.272482)

[node name="Screw 3_001" parent="." index="22"]
transform = Transform3D(0.00101342, -0.00218503, -0.999997, -0.907173, -0.420758, 1.79462e-08, -0.420757, 0.90717, -0.00240861, 0, 1.4379, 0.509575)

[node name="Screw 3_002" parent="." index="23"]
transform = Transform3D(0.00241606, -0.990663, -0.136313, 1.02715e-06, -0.136314, 0.990666, -0.999997, -0.00239366, -0.000328324, 0, 2.06134, -0.201281)

[node name="Screw 3_003" parent="." index="24"]
transform = Transform3D(-0.0010347, 0.00217503, -0.999997, 0.902948, 0.42975, 4.43181e-07, 0.429749, -0.902945, -0.0024086, 0, 1.3509, 0.502859)

[node name="Screw 3_004" parent="." index="25"]
transform = Transform3D(-0.0509607, 0.18357, -0.981685, 0.274532, -0.942519, -0.190498, -0.960226, -0.279212, -0.0023645, 0, 1.47834, -0.208009)

[node name="Screw 3_005" parent="." index="26"]
transform = Transform3D(-0.00263596, 0.0970066, -1.09008, 1.87408e-08, 1.09008, 0.0970069, 1.09439, 0.000233633, -0.00262557, 0, 1.33668, -0.864454)

[node name="CollisionShape3D" type="CollisionShape3D" parent="." index="27"]
transform = Transform3D(-4.37114e-08, 0, 1, 0, 1, 0, -1, 0, -4.37114e-08, -0.01474, 1.15106, 0.118171)
shape = SubResource("BoxShape3D_x7hpy")

[node name="Camera" type="Camera3D" parent="." index="28"]
transform = Transform3D(1, -8.86205e-09, -1.20899e-08, 1.49012e-08, 0.5, 0.866025, -1.62981e-09, -0.866025, 0.5, 0, 25, 10)
current = true

[node name="PlayerInteractor" parent="." index="29" node_paths=PackedStringArray("player") instance=ExtResource("3_ovaap")]
transform = Transform3D(3, 0, 0, 0, 3, 0, 0, 0, 3, 0, 1.17863, 0.0687095)
collision_layer = 0
collision_mask = 2
player = NodePath("..")

[node name="CollisionShape3D" parent="PlayerInteractor" index="0"]
transform = Transform3D(1, 0, 0, 0, 1, 0, 0, 0, 1, 0, 0, -0.843811)
shape = SubResource("BoxShape3D_04q40")

[editable path="PlayerInteractor"]
